t x
0 1
0.001 1
0.002 0.999
0.003 0.998001
0.004 0.997002999
0.005 0.996005996001
0.006 0.995009990005
0.007 0.994014980015
0.008 0.993020965035
0.009 0.99202794407
0.01 0.991035916126
0.011 0.99004488021
0.012 0.98905483533
0.013 0.988065780494
0.014 0.987077714714
0.015 0.986090636999
0.016 0.985104546362
0.017 0.984119441816
0.018 0.983135322374
0.019 0.982152187051
0.02 0.981170034864
0.021 0.98018886483
0.022 0.979208675965
0.023 0.978229467289
0.024 0.977251237821
0.025 0.976273986584
0.026 0.975297712597
0.027 0.974322414884
0.028 0.97334809247
0.029 0.972374744377
0.03 0.971402369633
0.031 0.970430967263
0.032 0.969460536296
0.033 0.96849107576
0.034 0.967522584684
0.035 0.966555062099
0.036 0.965588507037
0.037 0.96462291853
0.038 0.963658295611
0.039 0.962694637316
0.04 0.961731942678
0.041 0.960770210736
0.042 0.959809440525
0.043 0.958849631085
0.044 0.957890781453
0.045 0.956932890672
0.046 0.955975957781
0.047 0.955019981824
0.048 0.954064961842
0.049 0.95311089688
0.05 0.952157785983
0.051 0.951205628197
0.052 0.950254422569
0.053 0.949304168146
0.054 0.948354863978
0.055 0.947406509114
0.056 0.946459102605
0.057 0.945512643502
0.058 0.944567130859
0.059 0.943622563728
0.06 0.942678941164
0.061 0.941736262223
0.062 0.940794525961
0.063 0.939853731435
0.064 0.938913877704
0.065 0.937974963826
0.066 0.937036988862
0.067 0.936099951873
0.068 0.935163851921
0.069 0.934228688069
0.07 0.933294459381
0.071 0.932361164922
0.072 0.931428803757
0.073 0.930497374953
0.074 0.929566877578
0.075 0.928637310701
0.076 0.92770867339
0.077 0.926780964717
0.078 0.925854183752
0.079 0.924928329568
0.08 0.924003401239
0.081 0.923079397837
0.082 0.922156318439
0.083 0.921234162121
0.084 0.920312927959
0.085 0.919392615031
0.086 0.918473222416
0.087 0.917554749194
0.088 0.916637194444
0.089 0.91572055725
0.09 0.914804836693
0.091 0.913890031856
0.092 0.912976141824
0.093 0.912063165682
0.094 0.911151102517
0.095 0.910239951414
0.096 0.909329711463
0.097 0.908420381751
0.098 0.907511961369
0.099 0.906604449408
0.1 0.905697844959
0.101 0.904792147114
0.102 0.903887354967
0.103 0.902983467612
0.104 0.902080484144
0.105 0.90117840366
0.106 0.900277225256
0.107 0.899376948031
0.108 0.898477571083
0.109 0.897579093512
0.11 0.896681514418
0.111 0.895784832904
0.112 0.894889048071
0.113 0.893994159023
0.114 0.893100164864
0.115 0.892207064699
0.116 0.891314857634
0.117 0.890423542777
0.118 0.889533119234
0.119 0.888643586115
0.12 0.887754942529
0.121 0.886867187586
0.122 0.885980320398
0.123 0.885094340078
0.124 0.884209245738
0.125 0.883325036492
0.126 0.882441711456
0.127 0.881559269744
0.128 0.880677710475
0.129 0.879797032764
0.13 0.878917235731
0.131 0.878038318496
0.132 0.877160280177
0.133 0.876283119897
0.134 0.875406836777
0.135 0.87453142994
0.136 0.87365689851
0.137 0.872783241612
0.138 0.87191045837
0.139 0.871038547912
0.14 0.870167509364
0.141 0.869297341855
0.142 0.868428044513
0.143 0.867559616468
0.144 0.866692056852
0.145 0.865825364795
0.146 0.86495953943
0.147 0.864094579891
0.148 0.863230485311
0.149 0.862367254825
0.15 0.861504887571
0.151 0.860643382683
0.152 0.8597827393
0.153 0.858922956561
0.154 0.858064033604
0.155 0.857205969571
0.156 0.856348763601
0.157 0.855492414838
0.158 0.854636922423
0.159 0.8537822855
0.16 0.852928503215
0.161 0.852075574712
0.162 0.851223499137
0.163 0.850372275638
0.164 0.849521903362
0.165 0.848672381459
0.166 0.847823709077
0.167 0.846975885368
0.168 0.846128909483
0.169 0.845282780574
0.17 0.844437497793
0.171 0.843593060295
0.172 0.842749467235
0.173 0.841906717768
0.174 0.84106481105
0.175 0.840223746239
0.176 0.839383522493
0.177 0.83854413897
0.178 0.837705594831
0.179 0.836867889236
0.18 0.836031021347
0.181 0.835194990326
0.182 0.834359795335
0.183 0.83352543554
0.184 0.832691910104
0.185 0.831859218194
0.186 0.831027358976
0.187 0.830196331617
0.188 0.829366135286
0.189 0.82853676915
0.19 0.827708232381
0.191 0.826880524149
0.192 0.826053643625
0.193 0.825227589981
0.194 0.824402362391
0.195 0.823577960029
0.196 0.822754382069
0.197 0.821931627687
0.198 0.821109696059
0.199 0.820288586363
0.2 0.819468297776
0.201 0.818648829479
0.202 0.817830180649
0.203 0.817012350469
0.204 0.816195338118
0.205 0.81537914278
0.206 0.814563763637
0.207 0.813749199874
0.208 0.812935450674
0.209 0.812122515223
0.21 0.811310392708
0.211 0.810499082315
0.212 0.809688583233
0.213 0.808878894649
0.214 0.808070015755
0.215 0.807261945739
0.216 0.806454683793
0.217 0.80564822911
0.218 0.80484258088
0.219 0.8040377383
0.22 0.803233700561
0.221 0.802430466861
0.222 0.801628036394
0.223 0.800826408357
0.224 0.800025581949
0.225 0.799225556367
0.226 0.798426330811
0.227 0.79762790448
0.228 0.796830276575
0.229 0.796033446299
0.23 0.795237412853
0.231 0.79444217544
0.232 0.793647733264
0.233 0.792854085531
0.234 0.792061231446
0.235 0.791269170214
0.236 0.790477901044
0.237 0.789687423143
0.238 0.78889773572
0.239 0.788108837984
0.24 0.787320729146
0.241 0.786533408417
0.242 0.785746875008
0.243 0.784961128133
0.244 0.784176167005
0.245 0.783391990838
0.246 0.782608598847
0.247 0.781825990249
0.248 0.781044164258
0.249 0.780263120094
0.25 0.779482856974
0.251 0.778703374117
0.252 0.777924670743
0.253 0.777146746072
0.254 0.776369599326
0.255 0.775593229727
0.256 0.774817636497
0.257 0.774042818861
0.258 0.773268776042
0.259 0.772495507266
0.26 0.771723011758
0.261 0.770951288747
0.262 0.770180337458
0.263 0.76941015712
0.264 0.768640746963
0.265 0.767872106216
0.266 0.76710423411
0.267 0.766337129876
0.268 0.765570792746
0.269 0.764805221953
0.27 0.764040416731
0.271 0.763276376315
0.272 0.762513099938
0.273 0.761750586838
0.274 0.760988836252
0.275 0.760227847415
0.276 0.759467619568
0.277 0.758708151948
0.278 0.757949443796
0.279 0.757191494353
0.28 0.756434302858
0.281 0.755677868555
0.282 0.754922190687
0.283 0.754167268496
0.284 0.753413101228
0.285 0.752659688126
0.286 0.751907028438
0.287 0.75115512141
0.288 0.750403966288
0.289 0.749653562322
0.29 0.74890390876
0.291 0.748155004851
0.292 0.747406849846
0.293 0.746659442996
0.294 0.745912783553
0.295 0.74516687077
0.296 0.744421703899
0.297 0.743677282195
0.298 0.742933604913
0.299 0.742190671308
0.3 0.741448480637
0.301 0.740707032156
0.302 0.739966325124
0.303 0.739226358799
0.304 0.73848713244
0.305 0.737748645308
0.306 0.737010896662
0.307 0.736273885766
0.308 0.73553761188
0.309 0.734802074268
0.31 0.734067272194
0.311 0.733333204922
0.312 0.732599871717
0.313 0.731867271845
0.314 0.731135404573
0.315 0.730404269168
0.316 0.729673864899
0.317 0.728944191034
0.318 0.728215246843
0.319 0.727487031597
0.32 0.726759544565
0.321 0.72603278502
0.322 0.725306752235
0.323 0.724581445483
0.324 0.723856864038
0.325 0.723133007174
0.326 0.722409874166
0.327 0.721687464292
0.328 0.720965776828
0.329 0.720244811051
0.33 0.71952456624
0.331 0.718805041674
0.332 0.718086236632
0.333 0.717368150396
0.334 0.716650782245
0.335 0.715934131463
0.336 0.715218197331
0.337 0.714502979134
0.338 0.713788476155
0.339 0.713074687679
0.34 0.712361612991
0.341 0.711649251378
0.342 0.710937602127
0.343 0.710226664525
0.344 0.70951643786
0.345 0.708806921422
0.346 0.708098114501
0.347 0.707390016386
0.348 0.70668262637
0.349 0.705975943744
0.35 0.7052699678
0.351 0.704564697832
0.352 0.703860133134
0.353 0.703156273001
0.354 0.702453116728
0.355 0.701750663611
0.356 0.701048912948
0.357 0.700347864035
0.358 0.699647516171
0.359 0.698947868655
0.36 0.698248920786
0.361 0.697550671865
0.362 0.696853121193
0.363 0.696156268072
0.364 0.695460111804
0.365 0.694764651692
0.366 0.69406988704
0.367 0.693375817153
0.368 0.692682441336
0.369 0.691989758895
0.37 0.691297769136
0.371 0.690606471367
0.372 0.689915864896
0.373 0.689225949031
0.374 0.688536723082
0.375 0.687848186359
0.376 0.687160338172
0.377 0.686473177834
0.378 0.685786704656
0.379 0.685100917952
0.38 0.684415817034
0.381 0.683731401217
0.382 0.683047669815
0.383 0.682364622146
0.384 0.681682257523
0.385 0.681000575266
0.386 0.680319574691
0.387 0.679639255116
0.388 0.678959615861
0.389 0.678280656245
0.39 0.677602375589
0.391 0.676924773213
0.392 0.67624784844
0.393 0.675571600591
0.394 0.674896028991
0.395 0.674221132962
0.396 0.673546911829
0.397 0.672873364917
0.398 0.672200491552
0.399 0.671528291061
0.4 0.67085676277
0.401 0.670185906007
0.402 0.669515720101
0.403 0.668846204381
0.404 0.668177358176
0.405 0.667509180818
0.406 0.666841671637
0.407 0.666174829966
0.408 0.665508655136
0.409 0.664843146481
0.41 0.664178303334
0.411 0.663514125031
0.412 0.662850610906
0.413 0.662187760295
0.414 0.661525572534
0.415 0.660864046962
0.416 0.660203182915
0.417 0.659542979732
0.418 0.658883436752
0.419 0.658224553316
0.42 0.657566328762
0.421 0.656908762433
0.422 0.656251853671
0.423 0.655595601817
0.424 0.654940006216
0.425 0.654285066209
0.426 0.653630781143
0.427 0.652977150362
0.428 0.652324173212
0.429 0.651671849038
0.43 0.651020177189
0.431 0.650369157012
0.432 0.649718787855
0.433 0.649069069067
0.434 0.648419999998
0.435 0.647771579998
0.436 0.647123808418
0.437 0.64647668461
0.438 0.645830207925
0.439 0.645184377717
0.44 0.64453919334
0.441 0.643894654146
0.442 0.643250759492
0.443 0.642607508733
0.444 0.641964901224
0.445 0.641322936323
0.446 0.640681613386
0.447 0.640040931773
0.448 0.639400890841
0.449 0.63876148995
0.45 0.63812272846
0.451 0.637484605732
0.452 0.636847121126
0.453 0.636210274005
0.454 0.635574063731
0.455 0.634938489667
0.456 0.634303551178
0.457 0.633669247626
0.458 0.633035578379
0.459 0.6324025428
0.46 0.631770140258
0.461 0.631138370117
0.462 0.630507231747
0.463 0.629876724516
0.464 0.629246847791
0.465 0.628617600943
0.466 0.627988983342
0.467 0.627360994359
0.468 0.626733633365
0.469 0.626106899731
0.47 0.625480792832
0.471 0.624855312039
0.472 0.624230456727
0.473 0.62360622627
0.474 0.622982620044
0.475 0.622359637424
0.476 0.621737277786
0.477 0.621115540508
0.478 0.620494424968
0.479 0.619873930543
0.48 0.619254056612
0.481 0.618634802556
0.482 0.618016167753
0.483 0.617398151585
0.484 0.616780753434
0.485 0.61616397268
0.486 0.615547808708
0.487 0.614932260899
0.488 0.614317328638
0.489 0.61370301131
0.49 0.613089308298
0.491 0.61247621899
0.492 0.611863742771
0.493 0.611251879028
0.494 0.610640627149
0.495 0.610029986522
0.496 0.609419956535
0.497 0.608810536579
0.498 0.608201726042
0.499 0.607593524316
0.5 0.606985930792
